flight,,,,,,
flight.is_body,,,,,
1,,
1,,
1,,
1,,
1,,
1,,
1,,
1,,
1,,
1,,
1,,
1,,
1,,
1,,
1,,
1,,
1,,
1,,
1,,
1,,
1,,
1,,
1,,
1,,
1,,
1,,
1,,
1,,
1,,
1,,
1,,
1,,
1,,
1,,
1,,
1,,
1,,
1,,
1,,
1,,
1,,
1,,
1,,
1,,
1,,
1,,
1,,
1,,
1,,
1,,
1,,
1,,
1,,
1,,
1,,
1,,
1,,
1,,
1,,
1,,
1,,
1,,
1,,
1,,
1,,
1,,
1,,
1,,
1,,
1,,
1,,
1,,
1,,
1,,
1,,
1,,
1,,
1,,
1,,
1,,
1,,
1,,
1,,
1,,
1,,
1,,
1,,
1,,
1,,
1,,
1,,
1,,
1,,
1,,
1,,
1,,
1,,
1,,
1,,
1,,
1,,
1,,
1,,
1,,
1,,
1,,
1,,
1,,
1,,
1,,
1,,
1,,
1,,
1,,
1,,
1,,
1,,
1,,
1,,
1,,
1,,
1,,
1,,
1,,
1,,
1,,
1,,
1,,
1,,
1,,
1,,
1,,
1,,
1,,
1,,
1,,
1,,
1,,
1,,
1,,
1,,
1,,
1,,
1,,
1,,
1,,
1,,
1,,
1,,
1,,
1,,
1,,
1,,
1,,
1,,
1,,
1,,
1,,
1,,
1,,
1,,
1,,
1,,
1,,
1,,
1,,
1,,
1,,
1,,
1,,
1,,
1,,
1,,
1,,
1,,
1,,
1,,
1,,
1,,
1,,
1,,
1,,
1,,
1,,
1,,
1,,
1,,
1,,
1,,
1,,
1,,
1,,
1,,
1,,
1,,
1,,
1,,
1,,
1,,
1,,
1,,
1,,
1,,
1,,
1,,
1,,
1,,
1,,
1,,
1,,
1,,
1,,
1,,
1,,
1,,
1,,
1,,
1,,
1,,
1,,
1,,
1,,
1,,
1,,
1,,
1,,
1,,
1,,
1,,
1,,
1,,
1,,
1,,
1,,
1,,
1,,
1,,
1,,
1,,
1,,
1,,
1,,
1,,
1,,
1,,
1,,
1,,
1,,
1,,
1,,
1,,
1,,
1,,
1,,
1,,
1,,
1,,
1,,
1,,
1,,
1,,
1,,
1,,
1,,
1,,
1,,
1,,
1,,
1,,
1,,
1,,
1,,
1,,
1,,
1,,
1,,
1,,
1,,
1,,
1,,
1,,
1,,
1,,
1,,
1,,
1,,
1,,
1,,
1,,
1,,
1,,
1,,
1,,
1,,
1,,
1,,
1,,
1,,
1,,
1,,
1,,
1,,
1,,
1,,
1,,
1,,
1,,
1,,
1,,
1,,
1,,
1,,
1,,
1,,
1,,
1,,
1,,
1,,
1,,
1,,
1,,
1,,
1,,
1,,
1,,
1,,
1,,
1,,
1,,
1,,
1,,
1,,
1,,
1,,
1,,
1,,
1,,
1,,
1,,
1,,
1,,
1,,
1,,
1,,
1,,
1,,
1,,
1,,
1,,
1,,
1,,
1,,
1,,
1,,
1,,
1,,
1,,
1,,
1,,
1,,
1,,
1,,
1,,
1,,
1,,
1,,
1,,
1,,
1,,
1,,
1,,
1,,
1,,
1,,
1,,
1,,
1,,
1,,
1,,
1,,
1,,
1,,
1,,
1,,
1,,
1,,
1,,
1,,
1,,
1,,
1,,
1,,
1,,
1,,
1,,
1,,
1,,
1,,
1,,
1,,
1,,
1,,
1,,
1,,
1,,
1,,
1,,
1,,
1,,
1,,
1,,
1,,
1,,
1,,
1,,
1,,
1,,
1,,
1,,
1,,
1,,
1,,
1,,
1,,
1,,
1,,
1,,
1,,
1,,
1,,
1,,
1,,
1,,
1,,
1,,
1,,
1,,
1,,
1,,
1,,
1,,
1,,
1,,
1,,
1,,
1,,
1,,
1,,
1,,
1,,
1,,
1,,
1,,
1,,
1,,
1,,
1,,
1,,
1,,
1,,
1,,
1,,
1,,
1,,
1,,
1,,
1,,
1,,
1,,
1,,
1,,
1,,
1,,
1,,
1,,
1,,
1,,
1,,
1,,
1,,
1,,
1,,
1,,
1,,
1,,
1,,
1,,
1,,
1,,
1,,
1,,
1,,
1,,
1,,
1,,
1,,
1,,
1,,
1,,
1,,
1,,
1,,
1,,
1,,
1,,
1,,
1,,
1,,
1,,
1,,
1,,
1,,
1,,
1,,
1,,
1,,
1,,
1,,
1,,
1,,
1,,
1,,
1,,
1,,
1,,
1,,
1,,
1,,
1,,
1,,
1,,
1,,
1,,
1,,
1,,
1,,
1,,
1,,
1,,
1,,
1,,
1,,
1,,
1,,
1,,
1,,
1,,
1,,
1,,
1,,
1,,
1,,
1,,
1,,
1,,
1,,
1,,
1,,
1,,
1,,
1,,
1,,
1,,
1,,
1,,
1,,
1,,
1,,
1,,
1,,
1,,
1,,
1,,
1,,
1,,
1,,
1,,
1,,
1,,
1,,
1,,
1,,
1,,
1,,
1,,
1,,
1,,
1,,
1,,
1,,
1,,
1,,
1,,
1,,
1,,
1,,
1,,
1,,
1,,
1,,
1,,
1,,
1,,
1,,
1,,
1,,
1,,
1,,
1,,
1,,
1,,
1,,
1,,
1,,
1,,
1,,
1,,
1,,
1,,
1,,
1,,
1,,
1,,
1,,
1,,
1,,
1,,
1,,
1,,
1,,
1,,
1,,
1,,
1,,
1,,
1,,
1,,
1,,
1,,
1,,
1,,
1,,
1,,
1,,
1,,
1,,
1,,
1,,
1,,
1,,
1,,
1,,
1,,
1,,
1,,
1,,
1,,
1,,
1,,
1,,
1,,
1,,
1,,
1,,
1,,
1,,
1,,
1,,
1,,
1,,
1,,
1,,
1,,
1,,
1,,
1,,
1,,
1,,
1,,
1,,
1,,
1,,
1,,
1,,
1,,
1,,
1,,
1,,
1,,
1,,
1,,
1,,
1,,
1,,
1,,
1,,
1,,
1,,
1,,
1,,
1,,
1,,
1,,
1,,
1,,
1,,
1,,
1,,
1,,
1,,
1,,
1,,
1,,
1,,
1,,
1,,
1,,
1,,
1,,
1,,
1,,
1,,
1,,
1,,
1,,
1,,
1,,
1,,
1,,
1,,
1,,
1,,
1,,
1,,
1,,
1,,
1,,
1,,
1,,
1,,
1,,
1,,
1,,
1,,
1,,
1,,
1,,
1,,
1,,
1,,
1,,
1,,
1,,
1,,
1,,
1,,
1,,
1,,
1,,
1,,
1,,
1,,
1,,
1,,
1,,
1,,
1,,
1,,
1,,
1,,
1,,
1,,
1,,
1,,
1,,
1,,
1,,
1,,
1,,
1,,
1,,
1,,
1,,
1,,
1,,
1,,
1,,
1,,
1,,
1,,
1,,
1,,
1,,
1,,
1,,
1,,
1,,
1,,
1,,
1,,
1,,
1,,
1,,
1,,
1,,
1,,
1,,
1,,
1,,
1,,
1,,
1,,
1,,
1,,
1,,
1,,
1,,
1,,
1,,
1,,
1,,
1,,
1,,
1,,
1,,
1,,
1,,
1,,
1,,
1,,
1,,
1,,
1,,
1,,
1,,
1,,
1,,
1,,
1,,
1,,
1,,
1,,
1,,
1,,
1,,
1,,
1,,
1,,
1,,
1,,
1,,
1,,
1,,
1,,
1,,
1,,
1,,
1,,
1,,
1,,
1,,
1,,
1,,
1,,
1,,
1,,
1,,
1,,
1,,
1,,
1,,
1,,
1,,
1,,
1,,
1,,
1,,
1,,
1,,
1,,
1,,
1,,
1,,
1,,
1,,
1,,
1,,
1,,
1,,
1,,
1,,
1,,
1,,
1,,
1,,
1,,
1,,
1,,
1,,
1,,
1,,,,,,
flight.position,,,,,
0,0,0,,,

-8.0364e-07,3.0283e-07,0.021521,,,

-7.0396e-06,2.6527e-06,0.095681,,,

-1.5348e-05,5.7835e-06,0.19933,,,

-0.00014332,5.4009e-05,0.34789,,,

-0.00046688,0.00017594,0.56488,,,

-0.00096252,0.00036272,0.84338,,,

-0.0016068,0.0006055,1.1764,,,

-0.0023761,0.00089542,1.5571,,,

-0.003247,0.0012236,1.9785,,,

-0.004196,0.0015813,2.4337,,,

-0.0051997,0.0019595,2.9156,,,

-0.0062344,0.0023494,3.4175,,,

-0.0072767,0.0027422,3.9323,,,

-0.0083031,0.003129,4.4531,,,

-0.0093983,0.0035416,4.9802,,,

-0.011758,0.004431,5.5894,,,

-0.015562,0.0058646,6.2936,,,

-0.020609,0.0077667,7.0808,,,

-0.026698,0.010062,7.9391,,,

-0.033629,0.012674,8.8565,,,

-0.041201,0.015527,9.8212,,,

-0.049213,0.018547,10.8212,,,

-0.057464,0.021656,11.8446,,,

-0.065754,0.02478,12.8794,,,

-0.074492,0.028073,13.9268,,,

-0.086406,0.032563,15.0417,,,

-0.10149,0.03825,16.2252,,,

-0.11933,0.044976,17.47,,,

-0.13952,0.052583,18.7688,,,

-0.16162,0.060915,20.1143,,,

-0.18522,0.069813,21.4991,,,

-0.20992,0.079121,22.9159,,,

-0.23528,0.088681,24.3573,,,

-0.2609,0.098336,25.8162,,,

-0.28834,0.10868,27.306,,,

-0.32176,0.12128,28.8701,,,

-0.3605,0.13589,30.5016,,,

-0.40364,0.15216,32.1914,,,

-0.45028,0.16976,33.9304,,,

-0.49952,0.18833,35.7096,,,

-0.55044,0.20753,37.5198,,,

-0.60267,0.22723,39.3554,,,

-0.66091,0.24922,41.2445,,,

-0.72574,0.2737,43.1903,,,

-0.79627,0.30035,45.1869,,,

-0.87157,0.3288,47.228,,,

-0.95074,0.35873,49.3076,,,

-1.0329,0.38979,51.4195,,,

-1.117,0.42162,53.5575,,,

-1.2073,0.45578,55.7429,,,

-1.3071,0.4936,57.9939,,,

-1.4146,0.53438,60.2996,,,

-1.528,0.57743,62.6491,,,

-1.6454,0.62203,65.0315,,,

-1.7663,0.66795,67.4417,,,

-1.8966,0.71757,69.9076,,,

-2.0358,0.77066,72.427,,,

-2.1819,0.82644,74.9907,,,

-2.333,0.88423,77.5905,,,

-2.4926,0.94534,80.2357,,,

-2.6612,1.0101,82.9283,,,

-2.8373,1.0779,85.6634,,,

-3.0195,1.1481,88.4358,,,

-3.2101,1.2217,91.2522,,,

-3.4112,1.2996,94.119,,,

-3.6209,1.3811,97.0298,,,

-3.8373,1.4654,99.9785,,,

-4.0632,1.5537,102.9719,,,

-4.2995,1.6464,106.0127,,,

-4.5444,1.7429,109.0959,,,

-4.7969,1.8426,112.2184,,,

-5.0601,1.9471,115.3877,,,

-5.3333,2.056,118.6019,,,

-5.6148,2.1687,121.857,,,

-5.9055,2.2856,125.1544,,,

-6.2069,2.4075,128.4978,,,

-6.5178,2.5339,131.8845,,,

-6.8369,2.6642,135.312,,,

-7.1665,2.7997,138.7842,,,

-7.5062,2.9402,142.3007,,,

-7.8548,3.0851,145.8597,,,

-8.2121,3.2346,149.4608,,,

-8.5799,3.3895,153.1064,,,

-8.9572,3.5495,156.7956,,,

-9.3429,3.714,160.5275,,,

-9.7376,3.8835,164.3021,,,

-10.1422,4.0586,168.1207,,,

-10.5559,4.2389,171.9827,,,

-10.9779,4.4239,175.8877,,,

-11.4081,4.6138,179.8361,,,

-11.848,4.8096,183.8289,,,

-12.2965,5.0107,187.8647,,,

-12.7529,5.2166,191.9424,,,

-13.2164,5.427,196.0612,,,

-13.6891,5.6433,200.227,,,

-14.1707,5.8654,204.4386,,,

-14.6598,6.0925,208.692,,,

-15.1553,6.3238,212.9831,,,

-15.6576,6.5596,217.3142,,,

-16.1689,6.8016,221.6945,,,

-16.6883,7.0492,226.122,,,

-17.2149,7.3016,230.5942,,,

-17.748,7.5586,235.1078,,,

-18.2881,7.8206,239.6616,,,

-18.8351,8.0875,244.258,,,

-19.3891,8.3592,248.8996,,,

-19.9501,8.6357,253.5889,,,

-20.5176,8.9168,258.3196,,,

-21.0913,9.2026,263.0897,,,

-21.6716,9.4931,267.9019,,,

-22.2584,9.7881,272.7588,,,

-22.8518,10.0876,277.6629,,,

-23.4519,10.3915,282.616,,,

-24.058,10.6999,287.6096,,,

-24.6701,11.0126,292.6426,,,

-25.288,11.3295,297.7165,,,

-25.912,11.6506,302.8328,,,

-26.542,11.9757,307.993,,,

-27.1782,12.3048,313.1988,,,

-27.8206,12.6377,318.4515,,,

-28.4692,12.9745,323.7507,,,

-29.1239,13.3157,329.0932,,,

-29.7845,13.661,334.4783,,,

-30.4509,14.0102,339.9058,,,

-31.1232,14.3632,345.3751,,,

-31.8011,14.7197,350.8858,,,

-32.4847,15.0795,356.4376,,,

-33.1738,15.4425,362.0299,,,

-33.8683,15.8084,367.6624,,,

-34.5683,16.1772,373.3353,,,

-35.2742,16.5498,379.052,,,

-35.9863,16.9264,384.8135,,,

-36.7046,17.3066,390.6204,,,

-37.4295,17.6906,396.473,,,

-38.161,18.0782,402.3719,,,

-38.8995,18.4692,408.3176,,,

-39.645,18.8637,414.3105,,,

-40.3978,19.2615,420.3511,,,

-41.158,19.6626,426.4398,,,

-41.9255,20.0668,432.5758,,,

-42.6994,20.4743,438.7551,,,

-43.4796,20.885,444.9767,,,

-44.2663,21.2987,451.2399,,,

-45.0593,21.7154,457.5438,,,

-45.8587,22.135,463.8878,,,

-46.6647,22.5575,470.2709,,,

-47.477,22.9826,476.6925,,,

-48.2959,23.4104,483.1517,,,

-49.1213,23.8408,489.6477,,,

-49.9532,24.2736,496.1798,,,

-50.7917,24.7088,502.7473,,,

-51.6368,25.1463,509.3492,,,

-52.4885,25.5861,515.9853,,,

-53.3505,26.0295,522.6759,,,

-54.224,26.4772,529.429,,,

-55.1084,26.9289,536.2399,,,

-56.0029,27.3843,543.1037,,,

-56.9067,27.843,550.0156,,,

-57.8189,28.3048,556.9709,,,

-58.739,28.7693,563.9649,,,

-59.666,29.2362,570.9926,,,

-60.5993,29.7052,578.0494,,,

-61.538,30.1759,585.1304,,,

-62.4814,30.6481,592.231,,,

-63.4357,31.1238,599.3793,,,

-64.4049,31.6042,606.5961,,,

-65.3875,32.089,613.8732,,,

-66.3814,32.5776,621.2024,,,

-67.3848,33.0696,628.5754,,,

-68.3959,33.5645,635.984,,,

-69.4135,34.062,643.4226,,,

-70.4412,34.5628,650.9047,,,

-71.4792,35.0671,658.432,,,

-72.5268,35.575,666.0023,,,

-73.5833,36.0862,673.6137,,,

-74.6479,36.6009,681.264,,,

-75.7199,37.1189,688.9512,,,

-76.8001,37.6405,696.6781,,,

-77.8909,38.1662,704.4519,,,

-78.9915,38.6959,712.2714,,,

-80.1014,39.2298,720.1356,,,

-81.2198,39.7679,728.0433,,,

-82.3462,40.3103,735.9935,,,

-83.4801,40.8567,743.9833,,,

-84.622,41.4068,752.0107,,,

-85.7721,41.961,760.078,,,

-86.9305,42.5195,768.1877,,,

-88.0972,43.0828,776.3423,,,

-89.2726,43.6513,784.5441,,,

-90.4567,44.2253,792.7957,,,

-91.6492,44.8046,801.0935,,,

-92.8493,45.3883,809.4307,,,

-94.0568,45.9765,817.8069,,,

-95.2715,46.5692,826.2216,,,

-96.4931,47.1662,834.6744,,,

-97.7216,47.7676,843.165,,,

-98.9566,48.3734,851.6929,,,

-100.1979,48.9835,860.2578,,,

-101.4454,49.5978,868.8592,,,

-102.7002,50.2174,877.5035,,,

-103.9644,50.8435,886.1997,,,

-105.2374,51.4757,894.9452,,,

-106.5186,52.1135,903.7373,,,

-107.8075,52.7565,912.5732,,,

-109.1036,53.4044,921.4502,,,

-110.4062,54.0566,930.3655,,,

-111.7149,54.7128,939.3166,,,

-113.0307,55.3741,948.3091,,,

-114.3543,56.0411,957.3461,,,

-115.6856,56.7133,966.4266,,,

-117.0243,57.3905,975.5498,,,

-118.3706,58.0725,984.7149,,,

-119.7241,58.7589,993.9211,,,

-121.085,59.4496,1003.1674,,,

-122.4529,60.1442,1012.453,,,

-123.8278,60.8437,1021.7783,,,

-125.2099,61.5479,1031.1443,,,

-126.5997,62.2569,1040.5524,,,

-127.9976,62.9706,1050.0036,,,

-129.4039,63.6888,1059.4994,,,

-130.8192,64.4115,1069.0408,,,

-132.2436,65.1386,1078.6293,,,

-133.6776,65.87,1088.2649,,,

-135.1192,66.6056,1097.9411,,,

-136.5683,67.3454,1107.6562,,,

-138.025,68.0892,1117.4098,,,

-139.4894,68.8368,1127.2018,,,

-140.9616,69.5881,1137.0317,,,

-142.4416,70.3429,1146.8994,,,

-143.9296,71.1011,1156.8045,,,

-145.4258,71.8626,1166.7466,,,

-146.9301,72.6271,1176.7257,,,

-148.4427,73.3946,1186.7412,,,

-149.9659,74.1661,1196.8041,,,

-151.5011,74.9427,1206.9214,,,

-153.0475,75.7237,1217.0886,,,

-154.604,76.5088,1227.3015,,,

-156.1697,77.2975,1237.5557,,,

-157.7439,78.0895,1247.8468,,,

-159.3255,78.8842,1258.1706,,,

-160.9136,79.6812,1268.5226,,,

-162.5073,80.4801,1278.8984,,,

-164.111,81.2824,1289.3159,,,

-165.7293,82.0898,1299.795,,,

-167.3601,82.9019,1310.3282,,,

-169.0015,83.7179,1320.9076,,,

-170.6514,84.5374,1331.5255,,,

-172.3081,85.3596,1342.1751,,,

-173.9738,86.1852,1352.8638,,,

-175.6491,87.0145,1363.5945,,,

-177.3337,87.8474,1374.3666,,,

-179.0269,88.6841,1385.1794,,,

-180.7284,89.5246,1396.0323,,,

-182.438,90.3687,1406.924,,,

-184.156,91.2163,1417.854,,,

-185.8827,92.0677,1428.8246,,,

-187.6185,92.9232,1439.8382,,,

-189.3633,93.7833,1450.8975,,,

-191.1176,94.6482,1462.0048,,,

-192.8803,95.5175,1473.1553,,,

-194.6502,96.3902,1484.3397,,,

-196.4273,97.2664,1495.5596,,,

-198.2119,98.1464,1506.8169,,,

-200.0043,99.0305,1518.1133,,,

-201.8045,99.9191,1529.4506,,,

-203.6128,100.8123,1540.8303,,,

-205.4295,101.7104,1552.2543,,,

-207.2542,102.6131,1563.7205,,,

-209.0869,103.5201,1575.2271,,,

-210.9275,104.4317,1586.774,,,

-212.7758,105.3476,1598.3609,,,

-214.6318,106.2681,1609.9874,,,

-216.4955,107.1931,1621.6533,,,

-218.3667,108.1227,1633.3582,,,

-220.2455,109.0569,1645.1019,,,

-222.1318,109.9958,1656.8856,,,

-224.0262,110.9398,1668.7113,,,

-225.9287,111.8887,1680.579,,,

-227.8394,112.8427,1692.4883,,,

-229.7583,113.8015,1704.4389,,,

-231.6856,114.7653,1716.4304,,,

-233.6212,115.7338,1728.4625,,,

-235.5652,116.7072,1740.5349,,,

-237.5177,117.6855,1752.6477,,,

-239.4787,118.669,1764.8025,,,

-241.4481,119.6578,1776.999,,,

-243.4259,120.6515,1789.2357,,,

-245.412,121.65,1801.5117,,,

-247.4063,122.6531,1813.8258,,,

-249.4086,123.6604,1826.1767,,,

-251.419,124.6719,1838.5634,,,

-253.4373,125.6872,1850.9847,,,

-255.4636,126.7063,1863.4406,,,

-257.5003,127.7311,1875.943,,,

-259.5476,128.7617,1888.493,,,

-261.6051,129.7975,1901.088,,,

-263.6723,130.8382,1913.7252,,,

-265.7488,131.8832,1926.4018,,,

-267.8341,132.9321,1939.1151,,,

-269.9278,133.9843,1951.8622,,,

-272.0301,135.0399,1964.6443,,,

-274.1444,136.1008,1977.475,,,

-276.2699,137.1666,1990.3519,,,

-278.4055,138.2369,2003.2702,,,

-280.5502,139.311,2016.2254,,,

-282.7026,140.3882,2029.2128,,,

-284.8617,141.4682,2042.2275,,,

-287.028,142.5508,2055.2713,,,

-289.2083,143.6391,2068.371,,,

-291.4014,144.7325,2081.5226,,,

-293.6046,145.8302,2094.7166,,,

-295.8155,146.9312,2107.9438,,,

-298.035,148.0357,2121.2065,,,

-300.2641,149.1442,2134.509,,,

-302.5027,150.2568,2147.8521,,,

-304.7506,151.3737,2161.237,,,

-307.0074,152.4946,2174.661,,,

-309.2726,153.6191,2188.1207,,,

-311.5465,154.7476,2201.6188,,,

-313.8296,155.8804,2215.1584,,,

-316.1222,157.018,2228.7426,,,

-318.4233,158.1597,2242.3661,,,

-320.732,159.305,2256.0232,,,

-323.0488,160.4542,2269.717,,,

-325.3741,161.6077,2283.4509,,,

-327.7085,162.7658,2297.228,,,

-330.0523,163.9291,2311.0515,,,

-332.4043,165.0966,2324.9137,,,

-334.7633,166.2677,2338.809,,,

-337.1299,167.4427,2352.7398,,,

-339.5045,168.6219,2366.7086,,,

-341.8873,169.8055,2380.7176,,,

-344.279,170.9939,2394.7692,,,

-346.6798,172.1873,2408.8659,,,

-349.0896,173.3857,2423.0071,,,

-351.5074,174.5886,2437.1871,,,

-353.933,175.7956,2451.4049,,,

-356.3663,177.0069,2465.6596,,,

-358.8071,178.2222,2479.9505,,,

-361.2553,179.4415,2494.2766,,,

-363.7108,180.6646,2508.6372,,,

-366.1734,181.8914,2523.0314,,,

-368.6429,183.1218,2537.4584,,,

-371.1213,184.357,2551.9275,,,

-373.6098,185.5977,2566.4452,,,

-376.1081,186.8436,2581.0088,,,

-378.6156,188.0943,2595.6152,,,

-381.1319,189.3494,2610.2615,,,

-383.6565,190.6085,2624.9448,,,

-386.189,191.8712,2639.6623,,,

-388.7297,193.138,2654.4163,,,

-391.279,194.4092,2669.2098,,,

-393.8372,195.6848,2684.043,,,

-396.4046,196.9647,2698.9157,,,

-398.9813,198.2488,2713.8278,,,

-401.5676,199.5371,2728.7794,,,

-404.1637,200.8294,2743.7705,,,

-406.7707,202.1266,2758.8061,,,

-409.3883,203.4284,2773.886,,,

-412.0155,204.7345,2789.0054,,,

-414.6512,206.0443,2804.1597,,,

-417.2945,207.3573,2819.344,,,

-419.9442,208.673,2834.5538,,,

-422.5993,209.9908,2849.7841,,,

-425.2636,211.3123,2865.0496,,,

-427.9472,212.6418,2880.3908,,,

-430.6421,213.976,2895.7759,,,

-433.3434,215.3128,2911.1853,,,

-436.0547,216.6537,2926.6333,,,

-438.7779,217.9999,2942.1281,,,

-441.5103,219.3499,2957.6582,,,

-444.2509,220.7035,2973.2198,,,

-447.001,222.0614,2988.8196,,,

-449.7622,223.4244,3004.4641,,,

-452.5329,224.7917,3020.1458,,,

-455.3123,226.163,3035.8616,,,

-458.101,227.5386,3051.6148,,,

-460.8994,228.9191,3067.409,,,

-463.7082,230.3047,3083.2466,,,

-466.5261,231.6948,3099.1215,,,

-469.3527,233.0892,3115.0319,,,

-472.188,234.4879,3130.9785,,,

-475.0318,235.8909,3146.9617,,,

-477.8841,237.2984,3162.982,,,

-480.7451,238.7105,3179.0403,,,

-483.6154,240.1273,3195.1377,,,

-486.4949,241.5489,3211.2746,,,

-489.3835,242.9753,3227.4516,,,

-492.2812,244.4065,3243.6689,,,

-495.1876,245.8424,3259.9264,,,

-498.1016,247.2824,3276.2166,,,

-501.0232,248.7265,3292.5405,,,

-503.9532,250.175,3308.9016,,,

-506.8923,251.6283,3325.3035,,,

-509.8412,253.0868,3341.7498,,,

-512.8006,254.5507,3358.2439,,,

-515.7677,256.0188,3374.7731,,,

-518.7412,257.4905,3391.3313,,,

-521.7218,258.966,3407.9215,,,

-524.7103,260.4455,3424.5466,,,

-527.7073,261.9293,3441.2098,,,

-530.7136,263.4177,3457.9141,,,

-533.7298,264.9107,3474.6626,,,

-536.7568,266.4087,3491.4583,,,

-539.7943,267.9117,3508.3007,,,

-542.8408,269.4192,3525.1831,,,

-545.8958,270.931,3542.1033,,,

-548.9589,272.4467,3559.0595,,,

-552.0298,273.9661,3576.0496,,,

-555.108,275.4889,3593.0716,,,

-558.1933,277.0148,3610.1235,,,

-561.2852,278.5436,3627.2033,,,

-564.3833,280.0749,3644.3091,,,

-567.4873,281.6084,3661.4389,,,

-570.5969,283.144,3678.5915,,,

-573.7203,284.6854,3695.802,,,

-576.8596,286.2335,3713.079,,,

-580.0116,287.7869,3730.4088,,,

-583.1734,289.344,3747.7779,,,

-586.3419,290.9035,3765.1731,,,

-589.5189,292.4661,3782.6012,,,

-592.7055,294.0323,3800.068,,,

-595.9015,295.6021,3817.5719,,,

-599.1064,297.1755,3835.1109,,,

-602.32,298.7522,3852.684,,,

-605.5439,300.333,3870.2977,,,

-608.7785,301.9178,3887.9527,,,

-612.0224,303.5064,3905.6449,,,

-615.2748,305.0987,3923.3701,,,

-618.5359,306.6948,3941.1296,,,

-621.8078,308.2953,3958.9313,,,

-625.0898,309.9003,3976.7726,,,

-628.381,311.5095,3994.6503,,,

-631.681,313.1228,4012.5622,,,

-634.9902,314.7404,4030.5106,,,

-638.3096,316.3628,4048.4991,,,

-641.6398,317.9906,4066.5301,,,

-644.9781,319.6223,4084.5931,,,

-648.3245,321.258,4102.688,,,

-651.6805,322.8985,4120.8205,,,

-655.0473,324.5447,4138.9966,,,

-658.426,326.1971,4157.2206,,,

-661.8151,327.8549,4175.4853,,,

-665.213,329.5173,4193.7855,,,

-668.6189,331.1838,4212.1168,,,

-672.0314,332.8538,4230.4752,,,

-675.4496,334.5268,4248.8564,,,

-678.8725,336.2024,4267.2568,,,

-682.3129,337.8873,4285.7294,,,

-685.7622,339.5771,4304.2343,,,

-689.215,341.2686,4322.7487,,,

-692.6671,342.9598,4341.2503,,,

-696.117,344.6499,4359.7273,,,

-699.5647,346.3388,4378.1718,,,

-703.012,348.0275,4396.6108,,,

-706.4587,349.7159,4415.0407,,,

-709.9045,351.4038,4433.4576,,,

-713.3492,353.0911,4451.8577,,,

-716.7925,354.7778,4470.237,,,

-720.2342,356.4636,4488.5919,,,

-723.6747,358.1488,4506.9285,,,

-727.1143,359.8336,4525.2515,,,

-730.5529,361.5178,4543.56,,,

-733.9904,363.2015,4561.8529,,,

-737.4269,364.8846,4580.1293,,,

-740.8623,366.5672,4598.3883,,,

-744.2965,368.2492,4616.6288,,,

-747.7294,369.9306,4634.85,,,

-751.1612,371.6114,4653.0515,,,

-754.5917,373.2916,4671.2356,,,

-758.0212,374.9713,4689.4029,,,

-761.4497,376.6504,4707.5542,,,

-764.8771,378.3291,4725.6899,,,

-768.3036,380.0073,4743.8107,,,

-771.7292,381.685,4761.917,,,

-775.1539,383.3623,4780.0094,,,

-778.5778,385.0393,4798.0886,,,

-782.0008,386.7158,4816.1549,,,

-785.4227,388.3918,4834.2023,,,

-788.8431,390.0671,4852.2271,,,

-792.2622,391.7417,4870.2312,,,

-795.6802,393.4158,4888.2165,,,

-799.097,395.0894,4906.1849,,,

-802.5129,396.7625,4924.1382,,,

-805.928,398.4352,4942.0775,,,

-809.342,400.1075,4960.0011,,,

-812.755,401.7792,4977.9085,,,

-816.167,403.4505,4995.7993,,,

-819.5779,405.1212,5013.6732,,,

-822.9877,406.7915,5031.5296,,,

-826.3964,408.4612,5049.3685,,,

-829.8041,410.1305,5067.1925,,,

-833.211,411.7994,5085.0019,,,

-836.6168,413.4678,5102.7956,,,

-840.0216,415.1357,5120.573,,,

-843.4253,416.8031,5138.333,,,

-846.8278,418.4699,5156.0748,,,

-850.2291,420.1362,5173.798,,,

-853.6295,421.8021,5191.5067,,,

-857.029,423.4675,5209.2015,,,

-860.4276,425.1325,5226.8815,,,

-863.8252,426.797,5244.546,,,

-867.2217,428.461,5262.1942,,,

-870.6171,430.1245,5279.8252,,,

-874.0114,431.7875,5297.4383,,,

-877.4045,433.4499,5315.0328,,,

-880.7966,435.1119,5332.6117,,,

-884.1878,436.7733,5350.176,,,

-887.578,438.4344,5367.7255,,,

-890.9672,440.0949,5385.2598,,,

-894.3555,441.7551,5402.7788,,,

-897.7427,443.4147,5420.2822,,,

-901.129,445.0738,5437.7698,,,

-904.5143,446.7325,5455.2412,,,

-907.8986,448.3906,5472.6962,,,

-911.2818,450.0483,5490.1343,,,

-914.6639,451.7054,5507.5557,,,

-918.045,453.362,5524.9607,,,

-921.4251,455.0181,5542.3499,,,

-924.8043,456.6737,5559.7238,,,

-928.1825,458.3289,5577.0827,,,

-931.5599,459.9836,5594.4272,,,

-934.9364,461.638,5611.7577,,,

-938.3121,463.2919,5629.0744,,,

-941.6868,464.9452,5646.3744,,,

-945.0603,466.598,5663.6568,,,

-948.4328,468.2503,5680.9221,,,

-951.8043,469.9021,5698.1706,,,

-955.1749,471.5534,5715.4027,,,

-958.5445,473.2041,5732.6188,,,

-961.9132,474.8545,5749.8192,,,

-965.281,476.5043,5767.0045,,,

-968.6479,478.1537,5784.1749,,,

-972.014,479.8026,5801.3304,,,

-975.3791,481.4511,5818.4707,,,

-978.7434,483.0991,5835.5959,,,

-982.1068,484.7467,5852.7058,,,

-985.4694,486.3938,5869.8003,,,

-988.8311,488.0404,5886.8794,,,

-992.1919,489.6866,5903.9424,,,

-995.5518,491.3323,5920.9894,,,

-998.9108,492.9775,5938.0205,,,

-1002.2689,494.6223,5955.0362,,,

-1005.6262,496.2666,5972.0368,,,

-1008.9827,497.9105,5989.0226,,,

-1012.3384,499.5539,6005.9941,,,

-1015.6933,501.197,6022.9514,,,

-1019.0473,502.8396,6039.8923,,,

-1022.4004,504.4817,6056.8169,,,

-1025.7527,506.1233,6073.7254,,,

-1029.104,507.7645,6090.6184,,,

-1032.4546,509.4052,6107.4962,,,

-1035.8043,511.0456,6124.3594,,,

-1039.1533,512.6855,6141.2081,,,

-1042.5015,514.325,6158.0419,,,

-1045.8488,515.9641,6174.8603,,,

-1049.1953,517.6027,6191.6633,,,

-1052.5409,519.2409,6208.4506,,,

-1055.8857,520.8787,6225.2221,,,

-1059.2297,522.516,6241.9777,,,

-1062.5728,524.1529,6258.7183,,,

-1065.9152,525.7895,6275.4454,,,

-1069.2568,527.4256,6292.1583,,,

-1072.5977,529.0614,6308.8564,,,

-1075.9377,530.6967,6325.5391,,,

-1079.2768,532.3316,6342.2055,,,

-1082.615,533.966,6358.8551,,,

-1085.9523,535.6001,6375.4887,,,

-1089.289,537.2337,6392.1096,,,

-1092.6249,538.8671,6408.7171,,,

-1095.9601,540.5,6425.3105,,,

-1099.2945,542.1325,6441.8892,,,

-1102.628,543.7647,6458.4522,,,

-1105.9606,545.3964,6474.9989,,,

-1109.2923,547.0277,6491.5285,,,

-1112.6231,548.6586,6508.0414,,,

-1115.9531,550.2891,6524.5407,,,

-1119.2824,551.9192,6541.0264,,,

-1122.6109,553.549,6557.4984,,,

-1125.9386,555.1784,6573.9565,,,

-1129.2656,556.8074,6590.4003,,,

-1132.5917,558.4361,6606.8297,,,

-1135.9171,560.0644,6623.2445,,,

-1139.2417,561.6924,6639.6444,,,

-1142.5654,563.32,6656.0292,,,

-1145.8884,564.9471,6672.3986,,,

-1149.2104,566.5739,6688.7529,,,

-1152.5316,568.2003,6705.0921,,,

-1155.852,569.8263,6721.4164,,,

-1159.1716,571.452,6737.7259,,,

-1162.4905,573.0773,6754.0208,,,

-1165.8085,574.7022,6770.3012,,,

-1169.1258,576.3267,6786.5673,,,

-1172.4423,577.951,6802.8189,,,

-1175.758,579.5748,6819.0551,,,

-1179.0728,581.1982,6835.2761,,,

-1182.3869,582.8213,6851.4823,,,

-1185.7001,584.444,6867.6741,,,

-1189.0127,586.0664,6883.8518,,,

-1192.3244,587.6884,6900.0158,,,

-1195.6356,589.3101,6916.1664,,,

-1198.946,590.9315,6932.3042,,,

-1202.2557,592.5525,6948.4277,,,

-1205.5645,594.1731,6964.5356,,,

-1208.8726,595.7934,6980.6279,,,

-1212.1797,597.4132,6996.7048,,,

-1215.4862,599.0327,7012.7661,,,

-1218.7918,600.6518,7028.8121,,,

-1222.0966,602.2706,7044.8428,,,

-1225.4008,603.889,7060.8587,,,

-1228.7042,605.507,7076.8621,,,

-1232.007,607.1248,7092.8526,,,

-1235.3091,608.7422,7108.8297,,,

-1238.6105,610.3592,7124.7928,,,

-1241.9112,611.976,7140.7412,,,

-1245.2112,613.5923,7156.6744,,,

-1248.5104,615.2082,7172.5917,,,

-1251.8088,616.8238,7188.4927,,,

-1255.1065,618.439,7204.3796,,,

-1258.4036,620.0539,7220.2532,,,

-1261.6999,621.6684,7236.1134,,,

-1264.9957,623.2826,7251.96,,,

-1268.2908,624.8965,7267.793,,,

-1271.5852,626.51,7283.6122,,,

-1274.8789,628.1232,7299.4175,,,

-1278.1721,629.7361,7315.2088,,,

-1281.4646,631.3486,7330.9859,,,

-1284.7563,632.9607,7346.7485,,,

-1288.0474,634.5725,7362.4962,,,

-1291.3378,636.184,7378.2293,,,

-1294.6275,637.795,7393.9479,,,

-1297.9165,639.4058,7409.652,,,

-1301.2048,641.0162,7425.3418,,,

-1304.4925,642.6262,7441.0174,,,

-1307.7796,644.2359,7456.6789,,,

-1311.066,645.8453,7472.3264,,,

-1314.3517,647.4543,7487.9594,,,

-1317.6368,649.0629,7503.5781,,,

-1320.9212,650.6713,7519.1825,,,

-1324.2049,652.2793,7534.7732,,,

-1327.4881,653.8869,7550.3502,,,

-1330.7706,655.4943,7565.9138,,,

-1334.0525,657.1013,7581.4645,,,

-1337.3339,658.708,7597.0023,,,

-1340.6146,660.3144,7612.5264,,,

-1343.8946,661.9204,7628.0345,,,

-1347.1739,663.5261,7643.527,,,

-1350.4525,665.1314,7659.0048,,,

-1353.7304,666.7363,7674.4685,,,

-1357.0078,668.341,7689.919,,,

-1360.2846,669.9453,7705.357,,,

-1363.5608,671.5494,7720.7832,,,

-1366.8366,673.1532,7736.1977,,,

-1370.1117,674.7567,7751.5991,,,

-1373.3861,676.3598,7766.9854,,,

-1376.6598,677.9625,7782.3549,,,

-1379.9326,679.5648,7797.7059,,,

-1383.2044,681.1667,7813.0364,,,

-1386.4754,682.7681,7828.3478,,,

-1389.7459,684.3693,7843.6484,,,

-1393.0159,685.9702,7858.9384,,,

-1396.2853,687.5708,7874.2178,,,

-1399.5543,689.1712,7889.4862,,,

-1402.8228,690.7714,7904.7435,,,

-1406.0907,692.3713,7919.9896,,,

-1409.3581,693.9709,7935.2241,,,

-1412.625,695.5703,7950.4469,,,

-1415.8914,697.1694,7965.6578,,,

-1419.1571,698.7683,7980.8565,,,

-1422.4223,700.3668,7996.0416,,,

-1425.6866,701.9649,8011.2081,,,

-1428.95,703.5626,8026.3566,,,

-1432.2126,705.16,8041.4885,,,

-1435.4746,706.757,8056.6048,,,

-1438.7359,708.3536,8071.7069,,,

-1441.9966,709.95,8086.7959,,,

-1445.2568,711.5462,8101.8731,,,

-1448.5164,713.142,8116.9373,,,

-1451.7753,714.7376,8131.9874,,,

-1455.0336,716.3328,8147.0238,,,

-1458.2913,717.9278,8162.0469,,,

-1461.5484,719.5224,8177.057,,,

-1464.805,721.1168,8192.0545,,,

-1468.061,722.7109,8207.0397,,,

-1471.3164,724.3048,8222.0125,,,

-1474.5712,725.8983,8236.9708,,,

-1477.8253,727.4916,8251.9142,,,

-1481.0788,729.0845,8266.843,,,

-1484.3316,730.6771,8281.7573,,,

-1487.5838,732.2694,8296.657,,,

-1490.8353,733.8614,8311.5426,,,

-1494.0864,735.4531,8326.4159,,,

-1497.3369,737.0446,8341.2775,,,

-1500.5868,738.6358,8356.1267,,,

-1503.8361,740.2267,8370.9625,,,

-1507.0849,741.8174,8385.7842,,,

-1510.333,743.4077,8400.5909,,,

-1513.5805,744.9977,8415.3819,,,

-1516.8273,746.5875,8430.1592,,,

-1520.0737,748.1769,8444.9253,,,

-1523.3195,749.7662,8459.6794,,,

-1526.5648,751.3551,8474.421,,,

-1529.8096,752.9438,8489.1493,,,

-1533.0537,754.5322,8503.8637,,,

-1536.2973,756.1204,8518.5635,,,

-1539.5403,757.7082,8533.248,,,

-1542.7827,759.2957,8547.9177,,,

-1546.0246,760.8829,8562.5764,,,

-1549.266,762.47,8577.2236,,,

-1552.5069,764.0567,8591.8586,,,

-1555.7473,765.6432,8606.4807,,,

-1558.9871,767.2295,8621.0891,,,

-1562.2263,768.8154,8635.683,,,

-1565.465,770.401,8650.2618,,,

-1568.7031,771.9864,8664.8245,,,

-1571.9405,773.5714,8679.3707,,,

-1575.1774,775.1561,8693.9038,,,

-1578.4139,776.7406,8708.4253,,,

-1581.6498,778.3248,8722.9352,,,

-1584.8853,779.9089,8737.4332,,,

-1588.1204,781.4926,8751.9191,,,

-1591.3549,783.0762,8766.3928,,,

-1594.589,784.6594,8780.854,,,

-1597.8226,786.2425,8795.3028,,,

-1601.0557,787.8253,8809.7388,,,

-1604.2884,789.4079,8824.1619,,,

-1607.5206,790.9902,8838.5719,,,

-1610.7522,792.5722,8852.9682,,,

-1613.9833,794.154,8867.3494,,,

-1617.2138,795.7355,8881.716,,,

-1620.4438,797.3166,8896.0684,,,

-1623.6732,798.8976,8910.407,,,

-1626.9021,800.4782,8924.7324,,,

-1630.1306,802.0587,8939.0448,,,

-1633.3586,803.6388,8953.3449,,,

-1636.5862,805.2188,8967.6331,,,

-1639.8133,806.7986,8981.9097,,,

-1643.0401,808.3781,8996.1748,,,

-1646.2663,809.9574,9010.426,,,

-1649.492,811.5364,9024.663,,,

-1652.7171,813.1152,9038.8857,,,

-1655.9418,814.6937,9053.0946,,,

-1659.1659,816.2719,9067.2895,,,

-1662.3895,817.8499,9081.4708,,,

-1665.6127,819.4276,9095.6385,,,

-1668.8353,821.0051,9109.7928,,,

-1672.0575,822.5824,9123.9346,,,

-1675.2793,824.1594,9138.0656,,,

-1678.5007,825.7363,9152.1854,,,

-1681.7217,827.3129,9166.2931,,,

-1684.9421,828.8893,9180.3878,,,

-1688.1621,830.4654,9194.4686,,,

-1691.3815,832.0413,9208.5348,,,

-1694.6004,833.6169,9222.5855,,,

-1697.8187,835.1922,9236.6199,,,

-1701.0364,836.7673,9250.6374,,,

-1704.2536,838.3421,9264.6429,,,

-1707.4705,839.9167,9278.6387,,,

-1710.687,841.4912,9292.6241,,,

-1713.903,843.0655,9306.5987,,,

-1717.1187,844.6395,9320.5619,,,

-1720.3339,846.2134,9334.5132,,,

-1723.5487,847.787,9348.452,,,

-1726.763,849.3604,9362.378,,,

-1729.9768,850.9336,9376.2905,,,

-1733.1901,852.5066,9390.189,,,

-1736.4029,854.0793,9404.0729,,,

-1739.6152,855.6517,9417.9419,,,

-1742.8269,857.2239,9431.7963,,,

-1746.0381,858.7959,9445.6379,,,

-1749.2489,860.3677,9459.4671,,,

-1752.4591,861.9392,9473.2837,,,

-1755.669,863.5106,9487.0879,,,

-1758.8783,865.0817,9500.8798,,,

-1762.0873,866.6526,9514.6595,,,

-1765.2958,868.2233,9528.4269,,,

-1768.5038,869.7938,9542.1823,,,

-1771.7114,871.3641,9555.9257,,,

-1774.9186,872.9342,9569.6571,,,

-1778.1253,874.5041,9583.3767,,,

-1781.3317,876.0738,9597.0845,,,

-1784.5376,877.6433,9610.7802,,,

-1787.743,879.2126,9624.4618,,,

-1790.9478,880.7816,9638.1291,,,

-1794.1521,882.3504,9651.7824,,,

-1797.356,883.9189,9665.4218,,,

-1800.5593,885.4872,9679.0475,,,

-1803.7621,887.0553,9692.66,,,

-1806.9645,888.6231,9706.2593,,,

-1810.1664,890.1908,9719.8456,,,

-1813.3679,891.7582,9733.4193,,,

-1816.5689,893.3255,9746.9806,,,

-1819.7695,894.8925,9760.5297,,,

-1822.9697,896.4593,9774.0659,,,

-1826.1694,898.026,9787.5891,,,

-1829.3686,899.5923,9801.0994,,,

-1832.5674,901.1585,9814.5969,,,

-1835.7657,902.7245,9828.082,,,

-1838.9635,904.2902,9841.5547,,,

-1842.161,905.8558,9855.0152,,,

-1845.358,907.4212,9868.4638,,,

-1848.5547,908.9863,9881.9006,,,

-1851.7509,910.5513,9895.3258,,,

-1854.9468,912.1161,9908.7396,,,

-1858.1422,913.6807,9922.1413,,,

-1861.3372,915.2451,9935.5292,,,

-1864.5317,916.8093,9948.9033,,,

-1867.7257,918.3732,9962.2638,,,

-1870.9192,919.9369,9975.6107,,,

-1874.1123,921.5004,9988.9443,,,

-1877.3049,923.0637,10002.2645,,,

-1880.4971,924.6267,10015.5716,,,

-1883.6889,926.1896,10028.8657,,,

-1886.8803,927.7522,10042.1467,,,

-1890.0712,929.3146,10055.4158,,,

-1893.2618,930.8769,10068.6733,,,

-1896.4519,932.4389,10081.9191,,,

-1899.6417,934.0008,10095.1529,,,

-1902.831,935.5624,10108.3745,,,

-1906.02,937.1239,10121.5837,,,

-1909.2085,938.6851,10134.7804,,,

-1912.3967,940.2462,10147.9643,,,

-1915.5844,941.807,10161.1352,,,

-1918.7718,943.3677,10174.2929,,,

-1921.9587,944.9281,10187.4376,,,

-1925.1453,946.4883,10200.5706,,,

-1928.3314,948.0484,10213.6917,,,

-1931.5172,949.6082,10226.8007,,,

-1934.7025,951.1678,10239.8973,,,

-1937.8875,952.7272,10252.9812,,,

-1941.0721,954.2865,10266.0523,,,

-1944.2563,955.8455,10279.1103,,,

-1947.44,957.4043,10292.1549,,,

-1950.6234,958.9629,10305.1858,,,

-1953.8064,960.5213,10318.2029,,,

-1956.989,962.0795,10331.2076,,,

-1960.1713,963.6375,10344.2011,,,

-1963.3532,965.1954,10357.183,,,

-1966.5347,966.753,10370.1533,,,

-1969.7159,968.3105,10383.1117,,,

-1972.8967,969.8678,10396.058,,,

-1976.0771,971.4249,10408.9922,,,

-1979.2572,972.9818,10421.9138,,,

-1982.4369,974.5385,10434.8229,,,

-1985.6163,976.095,10447.7191,,,

-1988.7953,977.6513,10460.6024,,,

-1991.9739,979.2074,10473.4725,,,

-1995.1521,980.7634,10486.3303,,,

-1998.33,982.3191,10499.1759,,,

-2001.5075,983.8747,10512.0092,,,

-2004.6846,985.43,10524.8303,,,

-2007.8614,986.9852,10537.639,,,

-2011.0379,988.5402,10550.4354,,,

-2014.2139,990.095,10563.2194,,,

-2017.3896,991.6496,10575.991,,,

-2020.565,993.204,10588.7501,,,

-2023.74,994.7583,10601.4968,,,

-2026.9147,996.3124,10614.2309,,,

-2030.089,997.8663,10626.9524,,,

-2033.263,999.42,10639.6611,,,

-2036.4366,1000.9735,10652.3571,,,

-2039.6098,1002.5268,10665.0406,,,

-2042.7826,1004.0799,10677.7118,,,

-2045.9551,1005.6328,10690.3709,,,

-2049.1273,1007.1856,10703.018,,,

-2052.2991,1008.7382,10715.6533,,,

-2055.4707,1010.2906,10728.277,,,

-2058.6419,1011.8429,10740.8892,,,

-2061.8128,1013.395,10753.4902,,,

-2064.9834,1014.947,10766.0798,,,

-2068.1536,1016.4988,10778.6567,,,

-2071.3235,1018.0503,10791.2204,,,

-2074.4929,1019.6017,10803.771,,,

-2077.6621,1021.1529,10816.3085,,,

-2080.8308,1022.7039,10828.833,,,

-2083.9992,1024.2547,10841.3446,,,

-2087.1672,1025.8054,10853.8432,,,

-2090.3349,1027.3558,10866.329,,,

-2093.5022,1028.9061,10878.8019,,,

-2096.6692,1030.4562,10891.2621,,,

-2099.8359,1032.0062,10903.7104,,,

-2103.0022,1033.5559,10916.147,,,

-2106.1682,1035.1056,10928.572,,,

-2109.3339,1036.655,10940.9853,,,

-2112.4992,1038.2043,10953.387,,,

-2115.6643,1039.7534,10965.777,,,

-2118.829,1041.3024,10978.1554,,,

-2121.9933,1042.8512,10990.5222,,,

-2125.1574,1044.3998,11002.8774,,,

-2128.3211,1045.9483,11015.221,,,

-2131.4846,1047.4967,11027.5529,,,

-2134.6476,1049.0448,11039.8722,,,

-2137.8104,1050.5928,11052.1787,,,

-2140.9727,1052.1406,11064.4724,,,

-2144.1347,1053.6883,11076.7531,,,

-2147.2963,1055.2357,11089.0209,,,

-2150.4576,1056.783,11101.2756,,,

-2153.6185,1058.3301,11113.5171,,,

-2156.779,1059.877,11125.7454,,,

-2159.9392,1061.4238,11137.9603,,,,,,
flight.attitude,,,,,
1,0,0,,
0,1,0,,
0,0,1,,,

1,-6.4036e-07,4.0468e-05,,
6.7188e-07,1,-1.5249e-05,,
-4.0468e-05,1.525e-05,1,,,

1,-2.8049e-06,0.00017992,,
3.012e-06,1,-6.7794e-05,,
-0.00017992,6.7801e-05,1,,,

1,-6.1378e-06,0.00037483,,
6.1515e-06,1,-0.00014125,,
-0.00037483,0.00014125,1,,,

1,-1.0918e-05,0.00065415,,
1.0832e-05,1,-0.00024651,,
-0.00065415,0.00024652,1,,,

1,-1.7514e-05,0.0010621,,
1.8033e-05,1,-0.00040022,,
-0.0010621,0.00040028,1,,,

1,-2.5712e-05,0.0015856,,
2.7483e-05,1,-0.00059748,,
-0.0015856,0.00059762,1,,,

0.99999,-3.5303e-05,0.0022118,,
3.8911e-05,1,-0.00083338,,
-0.0022117,0.00083362,0.99999,,,

0.99999,-4.6075e-05,0.0029275,,
5.2044e-05,1,-0.001103,,
-0.0029273,0.0011034,0.99999,,,

0.99999,-5.7817e-05,0.0037197,,
6.6612e-05,1,-0.0014015,,
-0.0037196,0.001402,0.99998,,,

0.99998,-7.0317e-05,0.0045756,,
8.2341e-05,1,-0.0017239,,
-0.0045753,0.0017245,0.99998,,,

0.99998,-8.3363e-05,0.0054819,,
9.8961e-05,1,-0.0020653,,
-0.0054816,0.0020661,0.99997,,,

0.99997,-9.6746e-05,0.0064258,,
0.0001162,1,-0.0024208,,
-0.0064254,0.0024217,0.99997,,,

0.99997,-0.00011025,0.0073941,,
0.00013379,1,-0.0027855,,
-0.0073937,0.0027866,0.99996,,,

0.99996,-0.00012367,0.008374,,
0.00015145,0.99999,-0.0031545,,
-0.0083735,0.0031557,0.99996,,,

0.99996,-0.00013695,0.0093657,,
0.00016932,0.99999,-0.0035279,,
-0.0093652,0.0035293,0.99995,,,

0.99995,-0.00015165,0.010512,,
0.00019181,0.99999,-0.0039594,,
-0.010511,0.003961,0.99994,,,

0.99993,-0.00016786,0.011835,,
0.00021967,0.99999,-0.0044579,,
-0.011835,0.00446,0.99992,,,

0.99991,-0.00018516,0.013315,,
0.00025222,0.99999,-0.005015,,
-0.013314,0.0050179,0.99989,,,

0.99988,-0.00020308,0.014928,,
0.00028881,0.99998,-0.0056223,,
-0.014927,0.0056261,0.99986,,,

0.99985,-0.0002212,0.016653,,
0.00032874,0.99998,-0.0062715,,
-0.016651,0.0062762,0.99983,,,

0.99981,-0.00023906,0.018467,,
0.00037137,0.99997,-0.006954,,
-0.018464,0.0069598,0.99979,,,

0.99978,-0.00025621,0.020347,,
0.00041602,0.99997,-0.0076615,,
-0.020344,0.0076685,0.99975,,,

0.99974,-0.00027222,0.022271,,
0.00046201,0.99996,-0.0083855,,
-0.022268,0.0083938,0.9997,,,

0.9997,-0.00028664,0.024218,,
0.00050868,0.99996,-0.0091176,,
-0.024214,0.0091273,0.99966,,,

0.99966,-0.00029915,0.026189,,
0.00055667,0.99995,-0.0098586,,
-0.026185,0.0098698,0.99961,,,

0.99961,-0.00031018,0.028285,,
0.0006117,0.99994,-0.010647,,
-0.02828,0.01066,0.99955,,,

0.99954,-0.00031982,0.030508,,
0.00067383,0.99993,-0.011483,,
-0.030502,0.011498,0.99947,,,

0.99946,-0.00032811,0.032844,,
0.00074228,0.99992,-0.012362,,
-0.032838,0.01238,0.99938,,,

0.99937,-0.0003351,0.035281,,
0.00081625,0.99991,-0.013279,,
-0.035273,0.0133,0.99928,,,

0.99927,-0.00034082,0.037803,,
0.00089493,0.9999,-0.014229,,
-0.037794,0.014253,0.99917,,,

0.99916,-0.00034532,0.040398,,
0.00097753,0.99988,-0.015206,,
-0.040387,0.015234,0.99904,,,

0.99905,-0.00034862,0.043051,,
0.0010632,0.99986,-0.016206,,
-0.043039,0.016237,0.99892,,,

0.99894,-0.00035077,0.045749,,
0.0011513,0.99985,-0.017223,,
-0.045736,0.017257,0.99879,,,

0.99882,-0.0003518,0.048478,,
0.0012408,0.99983,-0.018251,,
-0.048464,0.01829,0.99865,,,

0.9987,-0.00034976,0.051263,,
0.0013346,0.99981,-0.019301,,
-0.051247,0.019344,0.99851,,,

0.99855,-0.00034043,0.054179,,
0.00144,0.99979,-0.020403,,
-0.054161,0.020451,0.99834,,,

0.99837,-0.00032487,0.057212,,
0.0015558,0.99977,-0.02155,,
-0.057192,0.021604,0.99814,,,

0.99818,-0.00030435,0.060344,,
0.0016806,0.99974,-0.022737,,
-0.060321,0.022797,0.99792,,,

0.99798,-0.00028015,0.063555,,
0.0018128,0.99971,-0.023957,,
-0.063529,0.024024,0.99769,,,

0.99776,-0.00025356,0.066826,,
0.0019509,0.99968,-0.025204,,
-0.066798,0.025278,0.99744,,,

0.99753,-0.00022586,0.07014,,
0.0020932,0.99965,-0.026471,,
-0.070109,0.026552,0.99718,,,

0.9973,-0.00019747,0.073484,,
0.0022392,0.99961,-0.027754,,
-0.07345,0.027843,0.99691,,,

0.99705,-0.00016085,0.076908,,
0.002396,0.99958,-0.029071,,
-0.07687,0.02917,0.99662,,,

0.99677,-0.00011514,0.080413,,
0.0025643,0.99953,-0.030426,,
-0.080372,0.030533,0.9963,,,

0.99647,-6.1927e-05,0.083984,,
0.0027427,0.99949,-0.031812,,
-0.083939,0.03193,0.99596,,,

0.99615,-2.7619e-06,0.087604,,
0.0029297,0.99944,-0.033226,,
-0.087555,0.033355,0.99559,,,

0.99582,6.0782e-05,0.091255,,
0.0031239,0.99939,-0.034662,,
-0.091201,0.034802,0.99521,,,

0.99548,0.00012714,0.094921,,
0.0033238,0.99934,-0.036116,,
-0.094863,0.036269,0.99482,,,

0.99513,0.00019474,0.098586,,
0.0035279,0.99929,-0.037584,,
-0.098523,0.037748,0.99442,,,

0.99476,0.00026839,0.10228,,
0.0037416,0.99923,-0.039077,,
-0.10221,0.039255,0.994,,,

0.99437,0.00035246,0.10603,,
0.0039698,0.99917,-0.040607,,
-0.10596,0.0408,0.99354,,,

0.99396,0.00044455,0.1098,,
0.0042095,0.9991,-0.042166,,
-0.10972,0.042374,0.99306,,,

0.99353,0.00054228,0.11358,,
0.0044576,0.99903,-0.043746,,
-0.11349,0.043969,0.99256,,,

0.99309,0.00064327,0.11732,,
0.0047113,0.99896,-0.045338,,
-0.11723,0.045578,0.99206,,,

0.99265,0.00074631,0.12101,,
0.0049691,0.99889,-0.046939,,
-0.12091,0.047196,0.99154,,,

0.9922,0.00085676,0.1247,,
0.005238,0.99881,-0.048564,,
-0.1246,0.048838,0.99101,,,

0.99173,0.0009738,0.12836,,
0.0055164,0.99872,-0.050209,,
-0.12825,0.050502,0.99046,,,

0.99125,0.0010952,0.13195,,
0.005801,0.99864,-0.051866,,
-0.13183,0.052178,0.9899,,,

0.99079,0.0012189,0.13544,,
0.0060886,0.99855,-0.053528,,
-0.13531,0.053859,0.98934,,,

0.99031,0.0013467,0.13886,,
0.0063825,0.99846,-0.0552,,
-0.13872,0.055552,0.98877,,,

0.98983,0.0014788,0.14222,,
0.0066821,0.99836,-0.056883,,
-0.14207,0.057255,0.9882,,,

0.98936,0.0016137,0.14546,,
0.0069836,0.99826,-0.05857,,
-0.1453,0.058962,0.98763,,,

0.98891,0.0017499,0.14853,,
0.0072836,0.99816,-0.060252,,
-0.14837,0.060665,0.98707,,,

0.98846,0.001888,0.15148,,
0.0075841,0.99805,-0.061933,,
-0.1513,0.062367,0.98652,,,

0.98802,0.0020286,0.15432,,
0.0078861,0.99794,-0.063616,,
-0.15413,0.064071,0.98597,,,

0.9876,0.0021707,0.15698,,
0.0081839,0.99783,-0.065291,,
-0.15678,0.065767,0.98544,,,

0.98721,0.0023133,0.15939,,
0.0084718,0.99772,-0.06695,,
-0.15918,0.067444,0.98494,,,

0.98684,0.0024562,0.16166,,
0.0087545,0.99761,-0.068598,,
-0.16144,0.06911,0.98446,,,

0.98649,0.0026002,0.16377,,
0.0090298,0.99749,-0.070233,,
-0.16355,0.070763,0.984,,,

0.98618,0.0027454,0.16563,,
0.0092889,0.99737,-0.071844,,
-0.1654,0.07239,0.98357,,,

0.98592,0.0028919,0.16718,,
0.0095264,0.99726,-0.073424,,
-0.16693,0.073983,0.98319,,,

0.98568,0.003039,0.16861,,
0.0097552,0.99714,-0.074984,,
-0.16836,0.075555,0.98282,,,

0.98547,0.0031883,0.16984,,
0.0099629,0.99702,-0.076513,,
-0.16958,0.077093,0.9825,,,

0.98532,0.0033416,0.1707,,
0.010132,0.9969,-0.077998,,
-0.17043,0.078582,0.98223,,,

0.98522,0.0034995,0.17126,,
0.010267,0.99679,-0.079442,,
-0.17098,0.080027,0.98201,,,

0.98514,0.0036626,0.1717,,
0.010383,0.99667,-0.080852,,
-0.17142,0.081436,0.98181,,,

0.9851,0.0038328,0.17194,,
0.010469,0.99656,-0.082209,,
-0.17166,0.082786,0.98166,,,

0.98511,0.0040124,0.17189,,
0.010511,0.99645,-0.083498,,
-0.17162,0.084061,0.98158,,,

0.98517,0.0042062,0.17154,,
0.010495,0.99635,-0.084747,,
-0.17127,0.085293,0.98153,,,

0.98527,0.0044145,0.17097,,
0.010434,0.99625,-0.085942,,
